1 
1 2 
2 4 
1 2 3 
2 4 6 
3 6 9 
1 2 3 4 
2 4 6 8 
3 6 9 12 
4 8 12 16 
1 2 3 4 5 
2 4 6 8 10 
3 6 9 12 15 
4 8 12 16 20 
5 10 15 20 25 
1 2 3 4 5 6 
2 4 6 8 10 12 
3 6 9 12 15 18 
4 8 12 16 20 24 
5 10 15 20 25 30 
6 12 18 24 30 36 
1 2 3 4 5 6 7 
2 4 6 8 10 12 14 
3 6 9 12 15 18 21 
4 8 12 16 20 24 28 
5 10 15 20 25 30 35 
6 12 18 24 30 36 42 
7 14 21 28 35 42 49 
1 2 3 4 5 6 7 8 
2 4 6 8 10 12 14 16 
3 6 9 12 15 18 21 24 
4 8 12 16 20 24 28 32 
5 10 15 20 25 30 35 40 
6 12 18 24 30 36 42 48 
7 14 21 28 35 42 49 56 
8 16 24 32 40 48 56 64 
1 2 3 4 5 6 7 8 9 
2 4 6 8 10 12 14 16 18 
3 6 9 12 15 18 21 24 27 
4 8 12 16 20 24 28 32 36 
5 10 15 20 25 30 35 40 45 
6 12 18 24 30 36 42 48 54 
7 14 21 28 35 42 49 56 63 
8 16 24 32 40 48 56 64 72 
9 18 27 36 45 54 63 72 81 
1 2 3 4 5 6 7 8 9 10 
2 4 6 8 10 12 14 16 18 20 
3 6 9 12 15 18 21 24 27 30 
4 8 12 16 20 24 28 32 36 40 
5 10 15 20 25 30 35 40 45 50 
6 12 18 24 30 36 42 48 54 60 
7 14 21 28 35 42 49 56 63 70 
8 16 24 32 40 48 56 64 72 80 
9 18 27 36 45 54 63 72 81 90 
10 20 30 40 50 60 70 80 90 100 
